precision:	0.1	0.05	0.0333333333333333	0.025	0.02	0.0166666666666667	0.0142857142857143	0.025	0.0222222222222222	0.02	0.0181818181818182	0.0166666666666667	0.0153846153846154	0.0142857142857143	0.02	0.01875	

MAP:	0.0311639043905936

NDCG:	0.1	0.05	0.0380093766715934	0.0319393943239799	0.0280772188866144	0.0280772188866144	0.0280772188866144	0.0374362918488193	0.0374362918488193	0.0374362918488193	0.0374362918488193	0.0374362918488193	0.0374362918488193	0.0374362918488193	0.0420535063350284	0.0420535063350284	